1659
1768
1769
3462
4636
4662
4747
4780
4781
4782
4783
4845
7478
7480
7481
7482
7483
7532
7533
7534
7535
7536
7537
7538
7539
7541
7618
7649
7655
7656
7708
7709
7710
7711
9216
9244
9264
9267
9311
9346
9415
9416
9505
9539
9671
9674
9675
9676
9677
9678
9679
9680
9681
9831
9915
9916
9917
9918
9919
9920
9921
9922
9923
9924
10085
10126
10133
10135
10229
11467
17408
17413
17414
17415
17416
17417
17418
17419
17420
17421
17422
17502
17651
17709
17710
17711
17712
17713
17714
17715
17716
17717
17718
17809
18040
18041
18042
18043
18044
18045
18046
18047
18048
18049
18177
18178
18179
18180
18181
18182
18183
18184
18185
18217
18248
18391
18410
18411
18412
18413
18414
18415
18416
18417
18418
18419
18420
18421
18422
18423
18424
18425
18426
18427
18428
18429
23675
23712
24153
24154
24155
24156
24157
24158
24159
24160
24161
24162
24163
24164
24165
24166
24167
24168
24169
24170
24171
24172
24235
24506
38042
38045
38059
38187
38254
38797
38837
38838
38839
38840
38841
38842
38843
38844
38845
38846
38847
38848
38849
38850
38851
38852
38853
38854
38855
38856
44937
45250
45342
45592
45599
45761
45930
46850
49608
51930
55417
55576
55789
56179
56913
57401
57429
59234
59268
63891
63892
63893
63894
63895
63896
63897
63898
63899
63900
63901
63902
63903
63904
63905
63906
63907
63908
63909
63910
63929
131142
131143
131144
131145
131146
131147
131148
131149
131150
131151
131164
131273
131584
131585
131586
131587
131588
131589
131590
131591
131592
131593
131594
131595
131596
131597
131598
131599
131600
131601
131602
131603
131604
131605
131606
131607
131608
131609
131610
131611
131612
131613
131614
131615
131616
131617
131618
131619
131620
131621
131622
131623
131624
131625
131626
131627
131628
131629
131630
131631
131632
131633
131634
131635
131636
131637
131638
131639
131641
131642
131643
131644
131645
131646
131647
131648
131649
131650
131651
131652
131653
131654
131655
131656
131657
131658
131659
131660
131661
131662
131663
131664
131665
131666
131667
131668
131669
131670
131671
131672
131673
131674
131675
131676
131677
131678
131679
131680
131681
131682
131683
132157
132737
132738
133089
133158
133375
134094
134522
134823
135387
135561
135596
135631
136378
136444
136462
137480
138646
139065
139903
140079
140958
141742
141758
142005
142046
142061
142062
149423
149791
150137
150754
150755
150756
150757
150758
150759
150760
150761
150762
150763
150764
150765
150766
150767
150768
150769
150770
150771
150772
150773
151188
151192
152609
152610
152611
152612
152613
152614
152615
152616
152617
152618
152619
152620
152621
152622
152623
152624
152625
152626
152627
152628
152737
153891
154662
198954
199203
201943
202178
202820
202881
203405
203472
203843
204677
204934
205013
205329
205417
205592
206434
207344
207389
207468
207469
207705
208223
209470
210384
210445
210507
210932
211749
212154
212279
212331
212358
212359
212360
212425
212969
213428
213430
213617
214030
214084
214821
214841
215165
215191
215256
215451
215506
215530
215934
215993
216123
216198
216432
402634
